begin
2;6;4;;
3;6;3;4;
4;6;;3;
end
begin
3;6;4;;
2;6;;4;
end
begin
2;6;4;;
2;5;;4;
end
begin
2;5;4;;
2;4;;4;
end
begin
2;4;4;;
3;4;3;4;
4;4;;3;
end
begin
3;4;4;;
3;5;3;4;
3;6;;3;
end
begin
3;5;4;;
4;5;;4;
end
begin
4;5;4;;
4;6;3;4;
4;7;;3;
end
begin
4;6;4;;
4;7;3;4;
4;8;;3;
end
begin
4;7;4;;
4;8;3;4;
4;9;;3;
end
begin
4;8;4;;
5;8;3;4;
6;8;;3;
end
begin
5;8;4;;
4;8;;4;
end
begin
4;8;4;;
4;7;;4;
end
begin
4;7;4;;
4;6;;4;
end
begin
4;6;4;;
5;6;3;4;
6;6;;3;
end
begin
5;6;4;;
4;6;;4;
end
begin
4;6;4;;
4;7;;4;
end
begin
4;7;4;;
4;8;;4;
end
begin
4;8;4;;
5;8;;4;
end
begin
5;8;4;;
5;7;3;4;
5;6;;3;
end
begin
5;7;4;;
6;7;;4;
end
begin
6;7;4;;
6;6;3;4;
6;5;;3;
end
begin
6;6;4;;
6;5;3;4;
6;4;;3;
end
begin
6;5;4;;
7;5;3;4;
8;5;;3;
end
begin
7;5;4;;
6;5;;4;
end
begin
6;5;4;;
6;6;;4;
end
begin
6;6;4;;
6;7;;4;
end
begin
6;7;4;;
7;7;3;4;
8;7;;3;
end
begin
7;7;4;;
7;8;3;4;
7;9;;3;
end
begin
7;8;4;;
6;8;3;4;
5;8;;3;
end
begin
6;8;4;;
7;8;;4;
end
begin
7;8;4;;
8;8;;4;
end
begin
8;8;4;;
7;8;;4;
end
begin
7;8;4;;
6;8;;4;
end
begin
6;8;4;;
6;7;;4;
end
begin
6;7;4;;
6;6;;4;
end
begin
6;6;4;;
6;5;;4;
end
begin
6;5;4;;
7;5;;4;
end
begin
7;5;4;;
7;6;3;4;
7;7;;3;
end
begin
7;6;4;;
8;6;;4;
end
begin
8;6;4;;
9;6;3;4;
10;6;;3;
end
begin
9;6;4;;
8;6;;4;
end
begin
8;6;4;;
7;6;;4;
end
begin
7;6;4;;
6;6;;4;
end
begin
6;6;4;;
6;7;;4;
end
begin
6;7;4;;
6;8;;4;
end
begin
6;8;4;;
7;8;;4;
end
begin
7;8;4;;
8;8;;4;
end
begin
8;8;4;;
9;8;3;4;
10;8;;3;
end
begin
9;8;4;;
9;7;3;4;
9;6;;3;
end
begin
9;7;4;;
10;7;;4;
end
begin
10;7;4;;
10;6;3;4;
10;5;;3;
end
begin
10;6;4;;
11;6;3;4;
12;6;1;2;
end
begin
11;6;4;;
11;7;3;4;
11;8;;3;
end
begin
11;7;4;;
12;7;1;5;
end
begin
12;7;5;1;
13;7;2;5;
14;7;1;2;
end
begin
13;7;5;1;
13;8;1;5;
end
begin
13;8;5;1;
14;8;1;5;
end
begin
14;8;5;1;
15;8;1;5;
end
begin
15;8;5;1;
16;8;1;5;
end
begin
16;8;5;1;
16;7;1;5;
end
begin
16;7;5;1;
16;6;1;5;
end
begin
16;6;5;1;
16;5;1;5;
end
begin
16;5;5;1;
15;5;1;5;
end
begin
15;5;5;1;
14;5;1;5;
end
begin
14;5;5;1;
14;6;1;5;
end
begin
14;6;5;1;
15;6;2;5;
16;6;1;2;
end
begin
15;6;5;1;
14;6;1;5;
end
begin
14;6;5;1;
15;6;1;5;
end
begin
15;6;5;1;
15;7;2;5;
15;8;1;2;
end
begin
15;7;5;1;
16;7;1;5;
end
begin
16;7;5;1;
16;8;1;5;
end
begin
16;8;5;1;
16;9;1;5;
end
begin
16;9;5;1;
15;9;1;5;
end
begin
15;9;5;1;
14;9;1;5;
end
begin
14;9;5;1;
14;8;1;5;
end
begin
14;8;5;1;
15;8;2;5;
16;8;1;2;
end
begin
15;8;5;1;
15;7;1;5;
end
begin
15;7;5;1;
16;7;1;5;
end
begin
16;7;5;1;
16;8;2;5;
16;9;1;2;
end
begin
16;8;5;1;
16;7;1;5;
end
begin
16;7;5;1;
16;6;2;5;
16;5;1;2;
end
begin
16;6;5;1;
16;5;2;5;
16;4;1;2;
end
begin
16;5;5;1;
16;6;1;5;
end
begin
16;6;5;1;
16;7;1;5;
end
begin
16;7;5;1;
15;7;1;5;
end
begin
15;7;5;1;
15;8;1;5;
end
begin
15;8;5;1;
14;8;1;5;
end
begin
14;8;5;1;
13;8;1;5;
end
begin
13;8;5;1;
13;7;1;5;
end
begin
13;7;5;1;
14;7;2;5;
15;7;1;2;
end
begin
14;7;5;1;
14;8;1;5;
end
begin
14;8;5;1;
15;8;1;5;
end
begin
15;8;5;1;
15;7;2;5;
15;6;1;2;
end
begin
15;7;5;1;
15;6;2;5;
15;5;1;2;
end
begin
15;6;5;1;
16;6;1;5;
end
begin
16;6;5;1;
16;5;1;5;
end
begin
16;5;5;1;
15;5;2;5;
14;5;1;2;
end
begin
15;5;5;1;
15;6;1;5;
end
begin
15;6;5;1;
14;6;1;5;
end
begin
14;6;5;1;
14;5;2;5;
14;4;1;2;
end
begin
14;5;5;1;
15;5;1;5;
end
begin
15;5;5;1;
15;4;1;5;
end
begin
15;4;5;1;
14;4;2;5;
13;4;1;2;
end
begin
14;4;5;1;
14;5;1;5;
end
begin
14;5;5;1;
14;6;1;5;
end
begin
14;6;5;1;
14;5;1;5;
end
begin
14;5;5;1;
13;5;1;5;
end
begin
13;5;5;1;
13;6;2;5;
13;7;1;2;
end
begin
13;6;5;1;
12;6;2;5;
11;6;;3;
end
begin
12;6;5;1;
12;7;1;5;
end
begin
12;7;5;1;
13;7;2;5;
14;7;1;2;
end
begin
13;7;5;1;
13;6;1;5;
end
begin
13;6;5;1;
14;6;1;5;
end
begin
14;6;5;1;
14;7;2;5;
14;8;1;2;
end
begin
14;7;5;1;
15;7;1;5;
end
begin
15;7;5;1;
15;8;1;5;
end
begin
15;8;5;1;
14;8;2;5;
13;8;1;2;
end
begin
14;8;5;1;
14;7;1;5;
end
begin
14;7;5;1;
13;7;1;5;
end
begin
13;7;5;1;
13;8;2;5;
13;9;1;2;
end
begin
13;8;5;1;
13;7;1;5;
end
begin
13;7;5;1;
13;6;1;5;
end
begin
13;6;5;1;
12;6;1;5;
end
begin
12;6;5;1;
12;7;1;5;
end
begin
12;7;5;1;
11;7;;4;
end
begin
11;7;4;;
10;7;;4;
end
begin
10;7;4;;
10;6;;4;
end
begin
10;6;4;;
11;6;3;4;
12;6;1;2;
end
begin
11;6;4;;
12;6;2;5;
13;6;1;2;
end
begin
12;6;5;1;
13;6;2;5;
14;6;1;2;
end
begin
13;6;5;1;
14;6;2;5;
15;6;1;2;
end
begin
14;6;5;1;
15;6;2;5;
16;6;1;2;
end
begin
15;6;5;1;
14;6;1;5;
end
begin
14;6;5;1;
13;6;1;5;
end
begin
13;6;5;1;
12;6;1;5;
end
begin
12;6;5;1;
11;6;;4;
end
begin
11;6;4;;
11;7;;4;
end
begin
11;7;4;;
10;7;;4;
end
begin
10;7;4;;
9;7;;4;
end
begin
9;7;4;;
9;8;;4;
end
begin
9;8;4;;
8;8;;4;
end
begin
8;8;4;;
7;8;;4;
end
begin
7;8;4;;
7;7;3;4;
7;6;;3;
end
begin
7;7;4;;
8;7;3;4;
9;7;;3;
end
begin
8;7;4;;
9;7;3;4;
10;7;;3;
end
begin
9;7;4;;
10;7;3;4;
11;7;;3;
end
begin
10;7;4;;
11;7;3;4;
12;7;1;2;
end
begin
11;7;4;;
12;7;2;5;
13;7;1;2;
end
begin
12;7;5;1;
13;7;2;5;
14;7;1;2;
end
begin
13;7;5;1;
14;7;2;5;
15;7;1;2;
end
begin
14;7;5;1;
15;7;2;5;
16;7;1;2;
end
begin
15;7;5;1;
14;7;1;5;
end
begin
14;7;5;1;
13;7;1;5;
end
begin
13;7;5;1;
12;7;1;5;
end
begin
12;7;5;1;
11;7;;4;
end
begin
11;7;4;;
10;7;;4;
end
begin
10;7;4;;
9;7;;4;
end
begin
9;7;4;;
8;7;;4;
end
begin
8;7;4;;
8;6;;4;
end
begin
8;6;4;;
9;6;3;4;
10;6;;3;
end
begin
9;6;4;;
10;6;3;4;
11;6;;3;
end
begin
10;6;4;;
11;6;3;4;
12;6;1;2;
end
begin
11;6;4;;
12;6;2;5;
13;6;1;2;
end
begin
12;6;5;1;
13;6;2;5;
14;6;1;2;
end
begin
13;6;5;1;
13;7;1;5;
end
begin
13;7;5;1;
14;7;1;5;
end
begin
14;7;5;1;
14;6;2;5;
14;5;1;2;
end
begin
14;6;5;1;
14;5;2;5;
14;4;1;2;
end
begin
14;5;5;1;
14;6;1;5;
end
begin
14;6;5;1;
13;6;1;5;
end
begin
13;6;5;1;
12;6;1;5;
end
begin
12;6;5;1;
11;6;;4;
end
begin
11;6;4;;
10;6;;4;
end
begin
10;6;4;;
9;6;;4;
end
begin
9;6;4;;
8;6;;4;
end
begin
8;6;4;;
8;7;;4;
end
begin
8;7;4;;
7;7;;4;
end
begin
7;7;4;;
6;7;;4;
end
begin
6;7;4;;
6;6;;4;
end
begin
6;6;4;;
7;6;3;4;
8;6;;3;
end
begin
7;6;4;;
8;6;3;4;
9;6;;3;
end
begin
8;6;4;;
9;6;3;4;
10;6;;3;
end
begin
9;6;4;;
10;6;3;4;
11;6;;3;
end
begin
10;6;4;;
11;6;3;4;
12;6;1;2;
end
begin
11;6;4;;
12;6;2;5;
13;6;1;2;
end
begin
12;6;5;1;
13;6;2;5;
14;6;1;2;
end
begin
13;6;5;1;
13;5;1;5;
end
begin
13;5;5;1;
14;5;1;5;
end
begin
14;5;5;1;
14;6;2;5;
14;7;1;2;
end
begin
14;6;5;1;
14;7;2;5;
14;8;1;2;
end
begin
14;7;5;1;
14;8;2;5;
14;9;1;2;
end
begin
14;8;5;1;
13;8;1;5;
end
begin
13;8;5;1;
13;7;1;5;
end
begin
13;7;5;1;
12;7;1;5;
end
begin
12;7;5;1;
11;7;;4;
end
begin
11;7;4;;
10;7;;4;
end
begin
10;7;4;;
9;7;;4;
end
begin
9;7;4;;
8;7;;4;
end
begin
8;7;4;;
9;7;;4;
end
begin
9;7;4;;
10;7;;4;
end
begin
10;7;4;;
11;7;;4;
end
begin
11;7;4;;
11;6;;4;
end
begin
11;6;4;;
11;5;;4;
end
begin
11;5;4;;
11;4;;4;
end
begin
11;4;4;;
10;4;;4;
end
begin
10;4;4;;
10;5;3;4;
10;6;;3;
end
begin
10;5;4;;
10;6;3;4;
10;7;;3;
end
begin
10;6;4;;
9;6;;4;
end
begin
9;6;4;;
9;7;;4;
end
begin
9;7;4;;
10;7;3;4;
11;7;;3;
end
begin
10;7;4;;
11;7;3;4;
12;7;1;2;
end
begin
11;7;4;;
12;7;2;5;
13;7;1;2;
end
begin
12;7;5;1;
13;7;2;5;
14;7;1;2;
end
begin
13;7;5;1;
14;7;2;5;
15;7;1;2;
end
begin
14;7;5;1;
14;6;1;5;
end
begin
14;6;5;1;
15;6;1;5;
end
begin
15;6;5;1;
15;7;2;5;
15;8;1;2;
end
begin
15;7;5;1;
14;7;1;5;
end
begin
14;7;5;1;
14;8;1;5;
end
begin
14;8;5;1;
15;8;2;5;
16;8;1;2;
end
begin
15;8;5;1;
14;8;1;5;
end
begin
14;8;5;1;
13;8;1;5;
end
begin
13;8;5;1;
13;7;1;5;
end
begin
13;7;5;1;
12;7;1;5;
end
begin
12;7;5;1;
11;7;;4;
end
begin
11;7;4;;
10;7;;4;
end
begin
10;7;4;;
9;7;;4;
end
begin
9;7;4;;
9;8;;4;
end
begin
9;8;4;;
9;9;;4;
end
begin
9;9;4;;
10;9;;4;
end
begin
10;9;4;;
10;8;3;4;
10;7;;3;
end
begin
10;8;4;;
9;8;;4;
end
begin
9;8;4;;
9;7;;4;
end
begin
9;7;4;;
9;6;;4;
end
begin
9;6;4;;
9;7;;4;
end
begin
9;7;4;;
10;7;3;4;
11;7;;3;
end
begin
10;7;4;;
11;7;3;4;
12;7;1;2;
end
begin
11;7;4;;
12;7;2;5;
13;7;1;2;
end
begin
12;7;5;1;
13;7;2;5;
14;7;1;2;
end
begin
13;7;5;1;
14;7;2;5;
15;7;1;2;
end
begin
14;7;5;1;
14;8;1;5;
end
begin
14;8;5;1;
15;8;1;5;
end
begin
15;8;5;1;
15;7;2;5;
15;6;1;2;
end
begin
15;7;5;1;
15;6;2;5;
15;5;1;2;
end
begin
15;6;5;1;
15;5;2;5;
15;4;1;2;
end
begin
15;5;5;1;
15;6;1;5;
end
begin
15;6;5;1;
14;6;1;5;
end
begin
14;6;5;1;
13;6;1;5;
end
begin
13;6;5;1;
12;6;1;5;
end
begin
12;6;5;1;
11;6;;4;
end
begin
11;6;4;;
10;6;;4;
end
begin
10;6;4;;
10;5;;4;
end
begin
10;5;4;;
10;4;;4;
end
begin
10;4;4;;
9;4;;4;
end
begin
9;4;4;;
9;5;3;4;
9;6;;3;
end
begin
9;5;4;;
10;5;;4;
end
begin
10;5;4;;
10;6;;4;
end
begin
10;6;4;;
10;7;;4;
end
begin
10;7;4;;
9;7;;4;
end
begin
9;7;4;;
8;7;;4;
end
begin
8;7;4;;
8;6;;4;
end
begin
8;6;4;;
9;6;3;4;
10;6;;3;
end
begin
9;6;4;;
10;6;3;4;
11;6;;3;
end
begin
10;6;4;;
11;6;3;4;
12;6;1;2;
end
begin
11;6;4;;
12;6;2;5;
13;6;1;2;
end
begin
12;6;5;1;
13;6;2;5;
14;6;1;2;
end
begin
13;6;5;1;
13;7;1;5;
end
begin
13;7;5;1;
14;7;1;5;
end
begin
14;7;5;1;
14;6;2;5;
14;5;1;2;
end
begin
14;6;5;1;
13;6;1;5;
end
begin
13;6;5;1;
13;5;1;5;
end
begin
13;5;5;1;
14;5;2;5;
15;5;1;2;
end
begin
14;5;5;1;
15;5;2;5;
16;5;1;2;
end
begin
15;5;5;1;
15;6;1;5;
end
begin
15;6;5;1;
15;7;1;5;
end
begin
15;7;5;1;
14;7;1;5;
end
begin
14;7;5;1;
13;7;1;5;
end
begin
13;7;5;1;
12;7;1;5;
end
begin
12;7;5;1;
11;7;;4;
end
begin
11;7;4;;
10;7;;4;
end
begin
10;7;4;;
9;7;;4;
end
begin
9;7;4;;
8;7;;4;
end
begin
8;7;4;;
7;7;;4;
end
begin
7;7;4;;
7;6;;4;
end
begin
7;6;4;;
7;5;;4;
end
begin
7;5;4;;
8;5;3;4;
9;5;;3;
end
begin
8;5;4;;
9;5;3;4;
10;5;;3;
end
begin
9;5;4;;
9;4;;4;
end
begin
9;4;4;;
10;4;;4;
end
begin
10;4;4;;
10;5;3;4;
10;6;;3;
end
begin
10;5;4;;
10;6;3;4;
10;7;;3;
end
begin
10;6;4;;
9;6;;4;
end
begin
9;6;4;;
9;7;;4;
end
begin
9;7;4;;
10;7;3;4;
11;7;;3;
end
begin
10;7;4;;
11;7;3;4;
12;7;1;2;
end
begin
11;7;4;;
12;7;2;5;
13;7;1;2;
end
begin
12;7;5;1;
13;7;2;5;
14;7;1;2;
end
begin
13;7;5;1;
14;7;2;5;
15;7;1;2;
end
begin
14;7;5;1;
14;6;1;5;
end
begin
14;6;5;1;
15;6;1;5;
end
begin
15;6;5;1;
15;7;2;5;
15;8;1;2;
end
begin
15;7;5;1;
15;8;2;5;
15;9;1;2;
end
begin
15;8;5;1;
14;8;1;5;
end
begin
14;8;5;1;
14;7;1;5;
end
begin
14;7;5;1;
13;7;1;5;
end
begin
13;7;5;1;
12;7;1;5;
end
begin
12;7;5;1;
11;7;;4;
end
begin
11;7;4;;
10;7;;4;
end
begin
10;7;4;;
10;8;;4;
end
begin
10;8;4;;
10;9;;4;
end
begin
10;9;4;;
11;9;;4;
end
begin
11;9;4;;
11;8;3;4;
11;7;;3;
end
begin
11;8;4;;
10;8;;4;
end
begin
10;8;4;;
10;7;;4;
end
begin
10;7;4;;
11;7;3;4;
12;7;1;2;
end
begin
11;7;4;;
12;7;2;5;
13;7;1;2;
end
begin
12;7;5;1;
13;7;2;5;
14;7;1;2;
end
begin
13;7;5;1;
14;7;2;5;
15;7;1;2;
end
begin
14;7;5;1;
14;6;1;5;
end
begin
14;6;5;1;
15;6;1;5;
end
begin
15;6;5;1;
15;7;2;5;
15;8;1;2;
end
begin
15;7;5;1;
14;7;1;5;
end
begin
14;7;5;1;
13;7;1;5;
end
begin
13;7;5;1;
12;7;1;5;
end
begin
12;7;5;1;
11;7;;4;
end
begin
11;7;4;;
10;7;;4;
end
begin
10;7;4;;
9;7;;4;
end
begin
9;7;4;;
8;7;;4;
end
begin
8;7;4;;
7;7;;4;
end
begin
7;7;4;;
6;7;;4;
end
begin
6;7;4;;
5;7;;4;
end
begin
5;7;4;;
4;7;;4;
end
begin
4;7;4;;
4;6;;4;
end
begin
4;6;4;;
5;6;3;4;
6;6;;3;
end
begin
5;6;4;;
6;6;3;4;
7;6;;3;
end
begin
6;6;4;;
7;6;3;4;
8;6;;3;
end
begin
7;6;4;;
8;6;3;4;
9;6;;3;
end
begin
8;6;4;;
9;6;3;4;
10;6;;3;
end
begin
9;6;4;;
10;6;3;4;
11;6;;3;
end
begin
10;6;4;;
11;6;3;4;
12;6;1;2;
end
begin
11;6;4;;
12;6;2;5;
13;6;1;2;
end
begin
12;6;5;1;
13;6;2;5;
14;6;1;2;
end
begin
13;6;5;1;
14;6;2;5;
15;6;1;2;
end
begin
14;6;5;1;
14;7;1;5;
end
begin
14;7;5;1;
15;7;1;5;
end
begin
15;7;5;1;
15;6;2;5;
15;5;1;2;
end
begin
15;6;5;1;
14;6;1;5;
end
begin
14;6;5;1;
13;6;1;5;
end
begin
13;6;5;1;
12;6;1;5;
end
begin
12;6;5;1;
11;6;;4;
end
begin
11;6;4;;
10;6;;4;
end
begin
10;6;4;;
9;6;;4;
end
begin
9;6;4;;
8;6;;4;
end
begin
8;6;4;;
7;6;;4;
end
begin
7;6;4;;
6;6;;4;
end
begin
6;6;4;;
5;6;;4;
end
begin
5;6;4;;
4;6;;4;
end
begin
4;6;4;;
4;5;;4;
end
begin
4;5;4;;
5;5;3;4;
6;5;;3;
end
begin
5;5;4;;
6;5;3;4;
7;5;;3;
end
begin
6;5;4;;
7;5;3;4;
8;5;;3;
end
begin
7;5;4;;
8;5;3;4;
9;5;;3;
end
begin
8;5;4;;
9;5;3;4;
10;5;;3;
end
begin
9;5;4;;
10;5;3;4;
11;5;;3;
end
begin
10;5;4;;
10;4;;4;
end
begin
10;4;4;;
11;4;;4;
end
begin
11;4;4;;
11;5;3;4;
11;6;;3;
end
begin
11;5;4;;
10;5;;4;
end
begin
10;5;4;;
10;6;;4;
end
begin
10;6;4;;
11;6;3;4;
12;6;1;2;
end
begin
11;6;4;;
12;6;2;5;
13;6;1;2;
end
begin
12;6;5;1;
12;7;1;5;
end
begin
12;7;5;1;
13;7;1;5;
end
begin
13;7;5;1;
13;6;2;5;
13;5;1;2;
end
begin
13;6;5;1;
12;6;1;5;
end
begin
12;6;5;1;
11;6;;4;
end
begin
11;6;4;;
10;6;;4;
end
begin
10;6;4;;
9;6;;4;
end
begin
9;6;4;;
8;6;;4;
end
begin
8;6;4;;
7;6;;4;
end
begin
7;6;4;;
7;5;;4;
end
begin
7;5;4;;
7;4;;4;
end
begin
7;4;4;;
7;3;;4;
end
begin
7;3;4;;
6;3;;4;
end
begin
6;3;4;;
6;4;3;4;
6;5;;3;
end
begin
6;4;4;;
6;5;3;4;
6;6;;3;
end
begin
6;5;4;;
5;5;;4;
end
begin
5;5;4;;
5;6;;4;
end
begin
5;6;4;;
6;6;3;4;
7;6;;3;
end
begin
6;6;4;;
7;6;3;4;
8;6;;3;
end
begin
7;6;4;;
8;6;3;4;
9;6;;3;
end
begin
8;6;4;;
9;6;3;4;
10;6;;3;
end
begin
9;6;4;;
9;5;;4;
end
begin
9;5;4;;
10;5;;4;
end
begin
10;5;4;;
10;6;3;4;
10;7;;3;
end
begin
10;6;4;;
9;6;;4;
end
begin
9;6;4;;
9;7;;4;
end
begin
9;7;4;;
10;7;3;4;
11;7;;3;
end
begin
10;7;4;;
11;7;3;4;
12;7;1;2;
end
begin
11;7;4;;
12;7;2;5;
13;7;1;2;
end
begin
12;7;5;1;
12;6;1;5;
end
begin
12;6;5;1;
13;6;1;5;
end
begin
13;6;5;1;
13;7;2;5;
13;8;1;2;
end
begin
13;7;5;1;
12;7;1;5;
end
begin
12;7;5;1;
11;7;;4;
end
begin
11;7;4;;
10;7;;4;
end
begin
10;7;4;;
9;7;;4;
end
begin
9;7;4;;
8;7;;4;
end
begin
8;7;4;;
7;7;;4;
end
begin
7;7;4;;
7;6;;4;
end
begin
7;6;4;;
7;5;;4;
end
begin
7;5;4;;
7;4;;4;
end
begin
7;4;4;;
6;4;;4;
end
begin
6;4;4;;
6;3;;4;
end
begin
6;3;4;;
5;3;;4;
end
begin
5;3;4;;
5;4;3;4;
5;5;;3;
end
begin
5;4;4;;
5;5;3;4;
5;6;;3;
end
begin
5;5;4;;
4;5;;4;
end
begin
4;5;4;;
4;6;;4;
end
begin
4;6;4;;
5;6;3;4;
6;6;;3;
end
begin
5;6;4;;
6;6;3;4;
7;6;;3;
end
begin
6;6;4;;
7;6;3;4;
8;6;;3;
end
begin
7;6;4;;
8;6;3;4;
9;6;;3;
end
begin
8;6;4;;
9;6;3;4;
10;6;;3;
end
begin
9;6;4;;
10;6;3;4;
11;6;;3;
end
begin
10;6;4;;
11;6;3;4;
12;6;1;2;
end
begin
11;6;4;;
12;6;2;5;
13;6;1;2;
end
begin
12;6;5;1;
13;6;2;5;
14;6;1;2;
end
begin
13;6;5;1;
13;7;1;5;
end
begin
13;7;5;1;
14;7;1;5;
end
begin
14;7;5;1;
14;6;2;5;
14;5;1;2;
end
begin
14;6;5;1;
13;6;1;5;
end
begin
13;6;5;1;
12;6;1;5;
end
begin
12;6;5;1;
11;6;;4;
end
begin
11;6;4;;
10;6;;4;
end
begin
10;6;4;;
9;6;;4;
end
begin
9;6;4;;
8;6;;4;
end
begin
8;6;4;;
7;6;;4;
end
begin
7;6;4;;
6;6;;4;
end
begin
6;6;4;;
5;6;;4;
end
begin
5;6;4;;
4;6;;4;
end
begin
4;6;4;;
4;5;;4;
end
begin
4;5;4;;
3;5;;4;
end
begin
3;5;4;;
3;4;;4;
end
begin
3;4;4;;
4;4;3;4;
5;4;;3;
end
begin
4;4;4;;
5;4;3;4;
6;4;;3;
end
begin
5;4;4;;
5;3;;4;
end
begin
5;3;4;;
6;3;;4;
end
begin
6;3;4;;
6;4;3;4;
6;5;;3;
end
begin
6;4;4;;
6;5;3;4;
6;6;;3;
end
begin
6;5;4;;
6;6;3;4;
6;7;;3;
end
begin
6;6;4;;
5;6;;4;
end
begin
5;6;4;;
5;7;;4;
end
begin
5;7;4;;
6;7;3;4;
7;7;;3;
end
begin
6;7;4;;
7;7;3;4;
8;7;;3;
end
begin
7;7;4;;
8;7;3;4;
9;7;;3;
end
begin
8;7;4;;
9;7;3;4;
10;7;;3;
end
begin
9;7;4;;
10;7;3;4;
11;7;;3;
end
begin
10;7;4;;
11;7;3;4;
12;7;1;2;
end
begin
11;7;4;;
12;7;2;5;
13;7;1;2;
end
begin
12;7;5;1;
13;7;2;5;
14;7;1;2;
end
begin
13;7;5;1;
13;6;1;5;
end
begin
13;6;5;1;
14;6;1;5;
end
begin
14;6;5;1;
14;7;2;5;
14;8;1;2;
end
begin
14;7;5;1;
13;7;1;5;
end
begin
13;7;5;1;
12;7;1;5;
end
begin
12;7;5;1;
11;7;;4;
end
begin
11;7;4;;
10;7;;4;
end
begin
10;7;4;;
9;7;;4;
end
begin
9;7;4;;
8;7;;4;
end
begin
8;7;4;;
7;7;;4;
end
begin
7;7;4;;
6;7;;4;
end
begin
6;7;4;;
6;8;;4;
end
begin
6;8;4;;
6;9;;4;
end
begin
6;9;4;;
6;10;;4;
end
begin
6;10;4;;
7;10;;4;
end
begin
7;10;4;;
7;9;3;4;
7;8;;3;
end
begin
7;9;4;;
7;8;3;4;
7;7;;3;
end
begin
7;8;4;;
7;7;3;4;
7;6;;3;
end
begin
7;7;4;;
6;7;;4;
end
begin
6;7;4;;
6;6;;4;
end
begin
6;6;4;;
7;6;3;4;
8;6;;3;
end
begin
7;6;4;;
8;6;3;4;
9;6;;3;
end
begin
8;6;4;;
9;6;3;4;
10;6;;3;
end
begin
9;6;4;;
10;6;3;4;
11;6;;3;
end
begin
10;6;4;;
11;6;3;4;
12;6;1;2;
end
begin
11;6;4;;
12;6;2;5;
13;6;1;2;
end
begin
12;6;5;1;
13;6;2;5;
14;6;1;2;
end
begin
13;6;5;1;
14;6;2;5;
15;6;1;2;
end
begin
14;6;5;1;
13;6;1;5;
end
begin
13;6;5;1;
12;6;1;5;
end
begin
12;6;5;1;
11;6;;4;
end
begin
11;6;4;;
10;6;;4;
end
begin
10;6;4;;
9;6;;4;
end
begin
9;6;4;;
8;6;;4;
end
begin
8;6;4;;
7;6;;4;
end
begin
7;6;4;;
6;6;;4;
end
begin
6;6;4;;
5;6;;4;
end
begin
5;6;4;;
4;6;;4;
end
begin
4;6;4;;
4;5;;4;
end
begin
4;5;4;;
3;5;;4;
end
begin
3;5;4;;
2;5;;4;
end
begin
2;5;4;;
2;6;;4;
end
begin
2;6;4;;
3;6;3;4;
4;6;;3;
end
begin
3;6;4;;
4;6;3;4;
5;6;;3;
end
begin
4;6;4;;
5;6;3;4;
6;6;;3;
end
begin
5;6;4;;
6;6;3;4;
7;6;;3;
end
begin
6;6;4;;
7;6;3;4;
8;6;;3;
end
begin
7;6;4;;
8;6;3;4;
9;6;;3;
end
begin
8;6;4;;
9;6;3;4;
10;6;;3;
end
begin
9;6;4;;
10;6;3;4;
11;6;;3;
end
begin
10;6;4;;
11;6;3;4;
12;6;1;2;
end
begin
11;6;4;;
12;6;2;5;
13;6;1;2;
end
begin
12;6;5;1;
13;6;2;5;
14;6;1;2;
end
begin
13;6;5;1;
12;6;1;5;
end
begin
12;6;5;1;
11;6;;4;
end
begin
11;6;4;;
10;6;;4;
end
begin
10;6;4;;
9;6;;4;
end
begin
9;6;4;;
8;6;;4;
end
begin
8;6;4;;
7;6;;4;
end
begin
7;6;4;;
6;6;;4;
end
begin
6;6;4;;
5;6;;4;
end
begin
5;6;4;;
4;6;;4;
end
begin
4;6;4;;
3;6;;4;
end
begin
3;6;4;;
2;6;;4;
end
begin
2;6;4;;
2;7;;4;
end
begin
2;7;4;;
3;7;3;4;
4;7;;3;
end
begin
3;7;4;;
4;7;3;4;
5;7;;3;
end
begin
4;7;4;;
5;7;3;4;
6;7;;3;
end
begin
5;7;4;;
6;7;3;4;
7;7;;3;
end
begin
6;7;4;;
7;7;3;4;
8;7;;3;
end
begin
7;7;4;;
8;7;3;4;
9;7;;3;
end
begin
8;7;4;;
9;7;3;4;
10;7;;3;
end
begin
9;7;4;;
10;7;3;4;
11;7;;3;
end
begin
10;7;4;;
11;7;3;4;
12;7;1;2;
end
begin
11;7;4;;
12;7;2;5;
13;7;1;2;
end
begin
12;7;5;1;
13;7;2;5;
14;7;1;2;
end
begin
13;7;5;1;
14;7;2;5;
15;7;1;2;
end
begin
14;7;5;1;
13;7;1;5;
end
begin
13;7;5;1;
12;7;1;5;
end
begin
12;7;5;1;
11;7;;4;
end
begin
11;7;4;;
10;7;;4;
end
begin
10;7;4;;
9;7;;4;
end
begin
9;7;4;;
8;7;;4;
end
begin
8;7;4;;
7;7;;4;
end
begin
7;7;4;;
6;7;;4;
end
begin
6;7;4;;
5;7;;4;
end
begin
5;7;4;;
4;7;;4;
end
begin
4;7;4;;
4;8;;4;
end
begin
4;8;4;;
5;8;3;4;
6;8;;3;
end
begin
5;8;4;;
6;8;3;4;
7;8;;3;
end
begin
6;8;4;;
6;9;;4;
end
begin
6;9;4;;
7;9;;4;
end
begin
7;9;4;;
7;8;3;4;
7;7;;3;
end
begin
7;8;4;;
7;7;3;4;
7;6;;3;
end
begin
7;7;4;;
6;7;;4;
end
begin
6;7;4;;
6;6;;4;
end
begin
6;6;4;;
7;6;3;4;
8;6;;3;
end
begin
7;6;4;;
8;6;3;4;
9;6;;3;
end
begin
8;6;4;;
9;6;3;4;
10;6;;3;
end
begin
9;6;4;;
10;6;3;4;
11;6;;3;
end
begin
10;6;4;;
11;6;3;4;
12;6;1;2;
end
begin
11;6;4;;
12;6;2;5;
13;6;1;2;
end
begin
12;6;5;1;
11;6;;4;
end
begin
11;6;4;;
10;6;;4;
end
begin
10;6;4;;
9;6;;4;
end
begin
9;6;4;;
8;6;;4;
end
begin
8;6;4;;
7;6;;4;
end
begin
7;6;4;;
6;6;;4;
end
begin
6;6;4;;
5;6;;4;
end
begin
5;6;4;;
4;6;;4;
end
begin
4;6;4;;
3;6;;4;
end
begin
3;6;4;;
2;6;;4;
end
begin
2;6;4;;
2;7;;4;
end
begin
2;7;4;;
2;8;;4;
end
begin
2;8;4;;
3;8;3;4;
4;8;;3;
end
begin
3;8;4;;
4;8;3;4;
5;8;;3;
end
begin
4;8;4;;
5;8;3;4;
6;8;;3;
end
begin
5;8;4;;
6;8;3;4;
7;8;;3;
end
begin
6;8;4;;
7;8;3;4;
8;8;;3;
end
begin
7;8;4;;
8;8;3;4;
9;8;;3;
end
begin
8;8;4;;
9;8;3;4;
10;8;;3;
end
begin
9;8;4;;
10;8;3;4;
11;8;;3;
end
begin
10;8;4;;
10;7;;4;
end
begin
10;7;4;;
10;8;;4;
end
begin
10;8;4;;
10;9;;4;
end
begin
10;9;4;;
11;9;;4;
end
begin
11;9;4;;
11;8;3;4;
11;7;;3;
end
begin
11;8;4;;
10;8;;4;
end
begin
10;8;4;;
10;7;;4;
end
begin
10;7;4;;
11;7;3;4;
12;7;1;2;
end
begin
11;7;4;;
12;7;2;5;
13;7;1;2;
end
begin
12;7;5;1;
13;7;2;5;
14;7;1;2;
end
begin
13;7;5;1;
12;7;1;5;
end
begin
12;7;5;1;
11;7;;4;
end
begin
11;7;4;;
10;7;;4;
end
begin
10;7;4;;
9;7;;4;
end
begin
9;7;4;;
8;7;;4;
end
begin
8;7;4;;
7;7;;4;
end
begin
7;7;4;;
6;7;;4;
end
begin
6;7;4;;
5;7;;4;
end
begin
5;7;4;;
4;7;;4;
end
begin
4;7;4;;
3;7;;4;
end
begin
3;7;4;;
2;7;;4;
end
begin
2;7;4;;
2;8;;4;
end
begin
2;8;4;;
2;9;;4;
end
begin
2;9;4;;
2;10;;4;
end
begin
2;10;4;;
3;10;;4;
end
begin
3;10;4;;
3;9;3;4;
3;8;;3;
end
begin
3;9;4;;
3;8;3;4;
3;7;;3;
end
begin
3;8;4;;
2;8;;4;
end
begin
2;8;4;;
2;7;;4;
end
begin
2;7;4;;
3;7;3;4;
4;7;;3;
end
begin
3;7;4;;
4;7;3;4;
5;7;;3;
end
begin
4;7;4;;
5;7;3;4;
6;7;;3;
end
begin
5;7;4;;
6;7;3;4;
7;7;;3;
end
begin
6;7;4;;
7;7;3;4;
8;7;;3;
end
begin
7;7;4;;
8;7;3;4;
9;7;;3;
end
begin
8;7;4;;
9;7;3;4;
10;7;;3;
end
begin
9;7;4;;
10;7;3;4;
11;7;;3;
end
begin
10;7;4;;
11;7;3;4;
12;7;1;2;
end
begin
11;7;4;;
12;7;2;5;
13;7;1;2;
end
begin
12;7;5;1;
11;7;;4;
end
begin
11;7;4;;
10;7;;4;
end
begin
10;7;4;;
9;7;;4;
end
begin
9;7;4;;
8;7;;4;
end
begin
8;7;4;;
7;7;;4;
end
begin
7;7;4;;
7;8;;4;
end
begin
7;8;4;;
7;9;;4;
end
begin
7;9;4;;
6;9;;4;
end
begin
6;9;4;;
6;10;;4;
end
begin
6;10;4;;
5;10;;4;
end
begin
5;10;4;;
5;9;3;4;
5;8;;3;
end
begin
5;9;4;;
5;8;3;4;
5;7;;3;
end
begin
5;8;4;;
4;8;;4;
end
begin
4;8;4;;
4;7;;4;
end
begin
4;7;4;;
5;7;3;4;
6;7;;3;
end
begin
5;7;4;;
6;7;3;4;
7;7;;3;
end
begin
6;7;4;;
7;7;3;4;
8;7;;3;
end
begin
7;7;4;;
8;7;3;4;
9;7;;3;
end
begin
8;7;4;;
9;7;3;4;
10;7;;3;
end
begin
9;7;4;;
10;7;3;4;
11;7;;3;
end
begin
10;7;4;;
11;7;3;4;
12;7;1;2;
end
begin
11;7;4;;
10;7;;4;
end
begin
10;7;4;;
9;7;;4;
end
begin
9;7;4;;
8;7;;4;
end
begin
8;7;4;;
7;7;;4;
end
begin
7;7;4;;
6;7;;4;
end
begin
6;7;4;;
5;7;;4;
end
begin
5;7;4;;
5;8;;4;
end
begin
5;8;4;;
5;9;;4;
end
begin
5;9;4;;
4;9;3;4;
3;9;;3;
end
begin
4;9;4;;
4;8;;4;
end
begin
4;8;4;;
3;8;;4;
end
begin
3;8;4;;
2;8;;4;
end
begin
2;8;4;;
2;9;;4;
end
begin
2;9;4;;
2;10;;4;
end
begin
2;10;4;;
3;10;;4;
end
begin
3;10;4;;
3;9;3;4;
3;8;;3;
end
begin
3;9;4;;
3;8;3;4;
3;7;;3;
end
begin
3;8;4;;
3;7;3;4;
3;6;;3;
end
begin
3;7;4;;
2;7;;4;
end
begin
2;7;4;;
2;6;;4;
end
begin
2;6;4;;
3;6;3;4;
4;6;;3;
end
begin
3;6;4;;
4;6;3;4;
5;6;;3;
end
begin
4;6;4;;
5;6;3;4;
6;6;;3;
end
begin
5;6;4;;
6;6;3;4;
7;6;;3;
end
begin
6;6;4;;
7;6;3;4;
8;6;;3;
end
begin
7;6;4;;
8;6;3;4;
9;6;;3;
end
begin
8;6;4;;
9;6;3;4;
10;6;;3;
end
begin
9;6;4;;
10;6;3;4;
11;6;;3;
end
